-0.3993,1.1201,499.9773,359.7819,82.2541,358.7903
-0.3994,1.1199,499.9772,359.7635,82.2942,358.8167
-0.3994,1.1198,499.9774,359.7547,82.2724,358.7370
-0.3994,1.1197,499.9779,359.7397,82.1979,358.7177
-0.3994,1.1197,499.9782,359.7127,82.1394,358.6967
-0.3993,1.1198,499.9784,359.6570,82.1503,358.7729
-0.3993,1.1202,499.9791,359.4267,81.9688,358.8093
-0.3997,1.1199,499.9792,359.5680,82.0089,358.9313
-0.3997,1.1197,499.9797,359.5281,81.8217,359.0138
-0.3998,1.1198,499.9803,359.5021,81.6110,359.1001
-0.3999,1.1198,499.9810,359.4781,81.4932,359.1633
-0.4002,1.1199,499.9816,359.5287,81.4265,359.2404
-0.4004,1.1198,499.9821,359.5251,81.4736,359.3923
-0.4004,1.1200,499.9825,359.4803,81.5785,359.5011
-0.4004,1.1203,499.9831,359.3805,81.5751,359.5143
-0.4004,1.1207,499.9836,359.3126,81.5310,359.5006
-0.4005,1.1210,499.9845,359.3132,81.4414,359.4358
-0.4006,1.1210,499.9852,359.3584,81.3667,359.3597
-0.4005,1.1214,499.9859,359.3807,81.3114,359.3278
-0.4006,1.1216,499.9868,359.3625,81.2610,359.3220
-0.4006,1.1221,499.9876,359.2852,81.2081,359.3816
-0.4007,1.1224,499.9884,359.2225,81.1459,359.4152
-0.4009,1.1228,499.9894,359.1393,81.0160,359.4213
-0.4011,1.1233,499.9905,359.0753,80.8691,359.4263
-0.4013,1.1236,499.9915,359.0507,80.7397,359.4835
-0.4017,1.1239,499.9923,359.0273,80.6369,359.5211
-0.4019,1.1242,499.9932,358.9855,80.4930,359.5660
-0.4022,1.1244,499.9942,358.9050,80.4235,359.6934
-0.4022,1.1248,499.9950,358.7955,80.4142,359.8849
-0.4023,1.1252,499.9957,358.7082,80.3547,0.0496
-0.4023,1.1258,499.9965,358.6614,80.2226,0.0991
-0.4024,1.1262,499.9980,358.6552,79.9973,0.0382
-0.4027,1.1265,499.9990,358.6345,79.7867,359.9543
-0.4030,1.1268,500.0002,358.6278,79.6121,359.8943
-0.4032,1.1271,500.0014,358.6506,79.4630,359.8283
-0.4034,1.1274,500.0024,358.6428,79.3602,359.8180
-0.4034,1.1277,500.0031,358.6277,79.3099,359.8588
-0.4034,1.1280,500.0042,358.6331,79.2171,359.9063
-0.4036,1.1282,500.0051,358.6330,79.0692,359.9293
-0.4040,1.1283,500.0065,358.6082,78.8576,359.9402
-0.4041,1.1286,500.0074,358.5677,78.7101,359.9794
-0.4042,1.1289,500.0083,358.5055,78.5995,0.0852
-0.4042,1.1293,500.0091,358.4479,78.4943,0.1789
-0.4043,1.1295,500.0098,358.3937,78.4362,0.2581
-0.4043,1.1297,500.0106,358.3642,78.3508,0.2611
-0.4044,1.1299,500.0115,358.3753,78.2688,0.1836
-0.4046,1.1300,500.0125,358.4037,78.2203,0.1121
-0.4047,1.1302,500.0133,358.4277,78.1639,0.0948
-0.4046,1.1306,500.0139,358.4158,78.0889,0.0932
-0.4045,1.1308,500.0148,358.4114,77.9591,0.1505
-0.4047,1.1312,500.0157,358.3734,77.8469,0.1769
-0.4048,1.1313,500.0166,358.3419,77.7302,0.2249
-0.4049,1.1315,500.0174,358.3143,77.6593,0.2599
-0.4052,1.1317,500.0180,358.3050,77.5755,0.2579
-0.4053,1.1318,500.0188,358.3067,77.5061,0.2387
-0.4055,1.1320,500.0196,358.2857,77.4624,0.2360
-0.4056,1.1320,500.0203,358.3002,77.3886,0.1957
-0.4059,1.1319,500.0212,358.3023,77.3146,0.1645
-0.4062,1.1319,500.0219,358.3280,77.2327,0.1156
-0.4064,1.1319,500.0228,358.3306,77.1535,0.1280
-0.4065,1.1320,500.0234,358.3154,77.0905,0.1805
-0.4067,1.1320,500.0241,358.3109,76.9935,0.2299
-0.4070,1.1319,500.0251,358.3419,76.8682,0.2627
-0.4073,1.1319,500.0260,358.3795,76.7485,0.2201
-0.4076,1.1317,500.0268,358.4067,76.6550,0.1372
-0.4078,1.1316,500.0278,358.4210,76.5629,0.0991
-0.4080,1.1318,500.0285,358.4143,76.4754,0.0897
-0.4085,1.1319,500.0294,358.4042,76.3802,0.1113
-0.4087,1.1319,500.0302,358.3701,76.2887,0.2473
-0.4090,1.1319,500.0312,358.3633,76.1360,0.2804
-0.4090,1.1318,500.0323,358.3718,75.9869,0.2399
-0.4094,1.1317,500.0333,358.3933,75.8739,0.1692
-0.4098,1.1316,500.0343,358.4244,75.8019,0.1104
-0.4104,1.1315,500.0352,358.4313,75.7050,0.0447
-0.4107,1.1315,500.0361,358.4218,75.6126,0.0435
-0.4110,1.1314,500.0369,358.3792,75.5376,0.1566
-0.4116,1.1315,500.0378,358.3522,75.4221,0.1632
-0.4120,1.1315,500.0388,358.3398,75.2905,0.1377
-0.4125,1.1312,500.0398,358.3611,75.2148,0.1047
-0.4130,1.1312,500.0409,358.4034,75.1299,0.0179
-0.4134,1.1311,500.0420,358.4361,75.0112,359.9410
-0.4139,1.1310,500.0429,358.4547,74.8963,359.9000
-0.4144,1.1310,500.0437,358.4567,74.8103,359.9346
-0.4147,1.1307,500.0446,358.4645,74.7218,359.9760
-0.4152,1.1306,500.0455,358.4836,74.6148,359.9704
-0.4159,1.1306,500.0466,358.4930,74.4954,359.9143
-0.4165,1.1305,500.0475,358.5068,74.3830,359.8530
-0.4171,1.1304,500.0484,358.5305,74.2912,359.8128
-0.4189,1.1300,500.0512,358.5664,73.9314,359.8623
-0.4207,1.1295,500.0534,358.6014,73.5347,359.9308
-0.4212,1.1295,500.0537,358.5299,73.4032,-0.0035
-0.4220,1.1295,500.0545,358.4884,73.2708,0.0719
-0.4226,1.1295,500.0551,358.4294,73.1459,0.2510
-0.4232,1.1294,500.0559,358.4211,72.9618,0.3368
-0.4238,1.1291,500.0565,358.4158,72.7999,0.3868
-0.4247,1.1289,500.0573,358.4837,72.6391,0.3546
-0.4256,1.1287,500.0580,358.5681,72.4979,0.2006
-0.4263,1.1285,500.0585,358.5586,72.4467,0.1392
-0.4291,1.1283,500.0605,358.4699,72.0332,0.2583
-0.4306,1.1278,500.0614,358.5407,71.7178,0.3226
-0.4311,1.1275,500.0613,358.5300,71.7514,0.2996
-0.4317,1.1273,500.0616,358.5337,71.7639,0.2523
-0.4324,1.1273,500.0619,358.5549,71.7341,0.2184
-0.4331,1.1271,500.0623,358.6027,71.6434,0.1916
-0.4337,1.1268,500.0626,358.6592,71.5114,0.2060
-0.4344,1.1266,500.0629,358.6670,71.3850,0.2353
-0.4352,1.1265,500.0630,358.6691,71.2624,0.2344
-0.4358,1.1262,500.0634,358.6577,71.1944,0.2531
-0.4364,1.1260,500.0635,358.6491,71.1703,0.2574
-0.4386,1.1253,500.0643,358.6943,71.1082,0.1714
-0.4394,1.1252,500.0642,358.7124,70.9734,0.2090
-0.4402,1.1247,500.0643,358.7268,70.8230,0.1907
-0.4409,1.1242,500.0645,358.8337,70.7750,0.0932
-0.4415,1.1240,500.0647,358.9018,70.6823,0.0250
-0.4418,1.1239,500.0644,358.8973,70.6837,0.0980
-0.4420,1.1236,500.0640,358.8904,70.7180,0.2024
-0.4424,1.1235,500.0637,358.8376,70.7045,0.2791
-0.4429,1.1235,500.0635,358.8507,70.6365,0.2253
-0.4435,1.1233,500.0635,358.9124,70.5545,0.0821
-0.4440,1.1231,500.0635,358.9811,70.5137,-0.0046
-0.4446,1.1230,500.0635,359.0053,70.5078,359.9190
-0.4449,1.1230,500.0635,358.9994,70.4773,359.8639
-0.4452,1.1229,500.0632,358.9697,70.4856,359.9317
-0.4455,1.1229,500.0629,358.9483,70.4725,0.0084
-0.4463,1.1229,500.0626,358.9498,70.4547,0.0388
-0.4468,1.1228,500.0624,358.9881,70.4014,0.0328
-0.4473,1.1226,500.0624,359.0135,70.3747,-0.0041
-0.4487,1.1223,500.0616,358.9698,70.3654,-0.0035
-0.4499,1.1225,500.0614,358.9269,70.3091,359.9938
-0.4510,1.1225,500.0606,358.9470,70.2822,0.0056
-0.4516,1.1225,500.0606,358.9575,70.2300,359.8565
-0.4521,1.1227,500.0605,358.9608,70.2093,359.7323
-0.4524,1.1225,500.0599,358.9612,70.2404,359.6946
-0.4528,1.1226,500.0594,358.9354,70.2795,359.7782
-0.4532,1.1225,500.0593,358.8977,70.2756,359.8493
-0.4538,1.1226,500.0591,358.8818,70.2026,359.8971
-0.4544,1.1227,500.0588,358.8597,70.1484,359.8319
-0.4550,1.1228,500.0585,358.8668,70.1513,359.6752
-0.4554,1.1227,500.0582,358.8431,70.1727,359.5680
-0.4560,1.1228,500.0578,358.8141,70.1890,359.4590
-0.4582,1.1228,500.0558,358.7381,70.1594,359.6297
-0.4592,1.1229,500.0550,358.6797,70.2046,359.5977
-0.4599,1.1229,500.0540,358.6658,70.2843,359.5174
-0.4605,1.1226,500.0534,358.7037,70.3007,359.5678
-0.4607,1.1223,500.0528,358.7113,70.3058,359.5919
-0.4609,1.1221,500.0520,358.7393,70.3438,359.6666
-0.4610,1.1221,500.0510,358.7404,70.4301,359.7234
-0.4610,1.1218,500.0501,358.7192,70.4596,359.7154
-0.4612,1.1217,500.0494,358.7256,70.4939,359.6737
-0.4613,1.1215,500.0488,358.7617,70.5595,359.6581
-0.4615,1.1214,500.0480,358.7985,70.6355,359.6466
-0.4616,1.1213,500.0471,358.8230,70.7153,359.6726
-0.4613,1.1213,500.0462,358.8214,70.7988,359.7297
-0.4612,1.1212,500.0453,358.8161,70.8539,359.7553
-0.4613,1.1211,500.0444,358.8444,70.9055,359.7598
-0.4616,1.1208,500.0437,358.9033,70.9834,359.6859
-0.4617,1.1209,500.0400,358.9447,71.3751,359.6875
-0.4616,1.1208,500.0383,358.8430,71.5365,359.8924
-0.4618,1.1210,500.0367,358.8173,71.5997,359.8882
-0.4618,1.1211,500.0362,358.8917,71.6289,359.7528
-0.4616,1.1212,500.0355,358.9020,71.7357,359.7690
-0.4614,1.1213,500.0345,358.8766,71.8328,359.8603
-0.4611,1.1215,500.0336,358.8587,71.9229,359.9357
-0.4609,1.1216,500.0327,358.8232,71.9476,-0.0012
-0.4608,1.1218,500.0319,358.7736,71.9908,0.0347
-0.4608,1.1218,500.0311,358.7310,72.0631,0.0274
-0.4606,1.1221,500.0297,358.7301,72.2300,359.9828
-0.4604,1.1222,500.0272,358.7513,72.5022,359.9680
-0.4603,1.1224,500.0256,358.7583,72.6354,0.0304
-0.4600,1.1222,500.0246,358.6935,72.6816,0.0476
-0.4599,1.1223,500.0237,358.6769,72.7815,0.0753
-0.4599,1.1225,500.0230,358.6584,72.8672,0.0985
-0.4598,1.1225,500.0222,358.6264,72.9338,0.0943
-0.4598,1.1226,500.0213,358.6130,73.0325,0.1024
-0.4597,1.1225,500.0204,358.6313,73.1265,0.1116
-0.4595,1.1227,500.0192,358.6300,73.2282,0.1490
-0.4594,1.1227,500.0183,358.6309,73.3270,0.1824
-0.4593,1.1226,500.0175,358.6270,73.4031,0.1682
-0.4592,1.1226,500.0166,358.6235,73.4881,0.1454
-0.4593,1.1226,500.0157,358.6248,73.6009,0.1071
-0.4593,1.1224,500.0150,358.6564,73.6709,0.0558
-0.4592,1.1224,500.0143,358.6990,73.7161,0.0426
-0.4592,1.1223,500.0135,358.7119,73.7672,0.0446
-0.4589,1.1222,500.0126,358.6859,73.8397,0.1357
-0.4588,1.1220,500.0119,358.6756,73.9327,0.1982
-0.4585,1.1218,500.0099,358.7004,74.1477,0.1740
-0.4587,1.1216,500.0095,358.7638,74.1527,0.0765
-0.4585,1.1213,500.0085,358.7516,74.2214,0.1219
-0.4584,1.1212,500.0078,358.7428,74.2751,0.1731
-0.4584,1.1211,500.0070,358.7260,74.3105,0.1846
-0.4584,1.1212,500.0064,358.6947,74.3644,0.2055
-0.4581,1.1212,500.0055,358.6775,74.4416,0.2457
-0.4578,1.1211,500.0046,358.6655,74.5679,0.3758
-0.4577,1.1211,500.0039,358.6633,74.6586,0.4290
-0.4578,1.1209,500.0032,358.6811,74.7187,0.4476
-0.4579,1.1207,500.0024,358.7120,74.7879,0.4426
-0.4580,1.1204,500.0016,358.7865,74.7918,0.4088
-0.4580,1.1202,500.0009,358.8032,74.8219,0.4579
-0.4577,1.1200,500.0000,358.7790,74.8928,0.5299
-0.4575,1.1199,499.9993,358.7799,74.9436,0.5398
-0.4575,1.1197,499.9988,358.7756,75.0490,0.4264
-0.4573,1.1195,499.9981,358.8020,75.1740,0.3427
-0.4573,1.1194,499.9972,358.8557,75.3325,0.2907
-0.4570,1.1195,499.9962,358.8940,75.4355,0.2863
-0.4570,1.1194,499.9953,358.8902,75.4608,0.3047
-0.4568,1.1193,499.9945,358.8678,75.4841,0.3943
-0.4562,1.1191,499.9912,358.8219,75.7724,0.4920
-0.4559,1.1190,499.9895,358.8426,76.0250,0.4055
-0.4563,1.1189,499.9883,358.9494,76.1831,0.3761
-0.4559,1.1187,499.9875,358.9239,76.1625,0.4320
-0.4557,1.1187,499.9867,358.9027,76.2131,0.4955
-0.4556,1.1187,499.9859,358.8595,76.2455,0.5500
-0.4556,1.1188,499.9854,358.8574,76.3076,0.5616
-0.4556,1.1185,499.9850,358.8640,76.3829,0.5600
-0.4555,1.1184,499.9843,358.9083,76.5022,0.5097
-0.4555,1.1184,499.9836,358.9096,76.5562,0.4802
-0.4553,1.1184,499.9827,358.9181,76.6160,0.4641
-0.4554,1.1183,499.9816,358.9114,76.7184,0.5037
-0.4551,1.1173,499.9781,358.9859,77.0669,0.4926
-0.4549,1.1170,499.9763,359.0258,77.2683,0.5545
-0.4549,1.1165,499.9745,359.0824,77.4173,0.5637
-0.4551,1.1162,499.9738,359.0839,77.5068,0.5628
-0.4551,1.1160,499.9728,359.0946,77.5931,0.6011
-0.4549,1.1160,499.9719,359.1169,77.6750,0.6544
-0.4549,1.1159,499.9712,359.1169,77.7149,0.6733
-0.4548,1.1158,499.9703,359.1422,77.7597,0.6957
-0.4547,1.1158,499.9694,359.1284,77.8195,0.6930
-0.4549,1.1158,499.9684,359.0922,77.9113,0.6891
-0.4549,1.1157,499.9674,359.0993,77.9981,0.7051
-0.4549,1.1155,499.9665,359.1182,78.1340,0.7280
-0.4549,1.1154,499.9655,359.1631,78.2372,0.6935
-0.4550,1.1153,499.9646,359.2012,78.3410,0.6656
-0.4550,1.1152,499.9637,359.2253,78.3973,0.6786
-0.4549,1.1151,499.9630,359.2351,78.4426,0.7116
-0.4548,1.1151,499.9591,359.1741,78.7795,0.8477
-0.4549,1.1147,499.9572,359.2621,78.9553,0.7901
-0.4550,1.1147,499.9555,359.2547,79.0350,0.8809
-0.4548,1.1150,499.9545,359.1598,79.1125,0.9522
-0.4547,1.1150,499.9535,359.1507,79.2008,0.9805
-0.4550,1.1147,499.9529,359.1565,79.2829,0.9708
-0.4550,1.1146,499.9522,359.1953,79.3359,0.9379
-0.4552,1.1146,499.9516,359.2263,79.4079,0.9379
-0.4553,1.1146,499.9506,359.2439,79.4957,0.9716
-0.4553,1.1145,499.9497,359.2589,79.5931,1.0353
-0.4552,1.1144,499.9489,359.2559,79.6675,1.0846
-0.4551,1.1146,499.9480,359.2168,79.7358,1.0752
-0.4550,1.1144,499.9470,359.1907,79.8298,1.0425
-0.4549,1.1144,499.9463,359.1986,79.9142,1.0135
-0.4549,1.1143,499.9455,359.2044,79.9925,1.0067
-0.4550,1.1143,499.9447,359.2124,80.0849,1.0091
-0.4550,1.1141,499.9438,359.2247,80.1422,1.0105
-0.4547,1.1143,499.9416,359.2321,80.4092,1.0443
-0.4546,1.1143,499.9405,359.2593,80.5378,0.9462
-0.4546,1.1143,499.9391,359.2639,80.6888,0.9915
-0.4545,1.1146,499.9386,359.2104,80.7566,1.0519
-0.4545,1.1147,499.9380,359.1948,80.8099,1.0916
-0.4547,1.1146,499.9377,359.1736,80.8324,1.1300
-0.4546,1.1145,499.9370,359.1700,80.8617,1.1481
-0.4546,1.1145,499.9366,359.1646,80.8878,1.1675
-0.4546,1.1148,499.9361,359.1573,80.9097,1.1646
-0.4544,1.1150,499.9360,359.1308,80.9198,1.1950
-0.4543,1.1151,499.9356,359.1115,80.9498,1.2453
-0.4543,1.1152,499.9352,359.1011,80.9745,1.2787
-0.4545,1.1153,499.9347,359.0821,81.0005,1.2831
-0.4545,1.1154,499.9342,359.0848,81.0531,1.3040
-0.4543,1.1153,499.9332,359.1225,81.1974,1.2430
-0.4542,1.1155,499.9320,359.0777,81.3782,1.2206
-0.4540,1.1158,499.9312,359.0427,81.4381,1.2051
-0.4539,1.1157,499.9308,359.0552,81.4923,1.1688
-0.4537,1.1159,499.9305,359.0022,81.5470,1.1718
-0.4536,1.1160,499.9301,358.9657,81.5878,1.1960
-0.4535,1.1161,499.9298,358.9453,81.6041,1.2145
-0.4534,1.1161,499.9295,358.9556,81.6211,1.2439
-0.4534,1.1161,499.9293,358.9808,81.6420,1.2397
-0.4535,1.1163,499.9292,358.9844,81.6534,1.2098
-0.4535,1.1164,499.9288,358.9554,81.7041,1.2023
-0.4533,1.1165,499.9285,358.9149,81.7732,1.2092
-0.4532,1.1167,499.9280,358.8503,81.8508,1.2549
-0.4531,1.1168,499.9276,358.8281,81.8937,1.2693
-0.4530,1.1168,499.9272,358.8477,81.9310,1.2988
-0.4529,1.1168,499.9269,358.8603,81.9469,1.2923
-0.4528,1.1168,499.9265,358.8944,81.9410,1.2670
-0.4525,1.1169,499.9251,358.8391,82.0762,1.3063
-0.4524,1.1168,499.9250,358.8298,82.1353,1.3371
-0.4525,1.1168,499.9243,358.8337,82.2186,1.3023
-0.4524,1.1168,499.9240,358.8461,82.2526,1.2633
-0.4524,1.1167,499.9232,358.8801,82.3745,1.2847
-0.4523,1.1167,499.9226,358.8962,82.4572,1.3137
-0.4523,1.1167,499.9220,358.8750,82.4859,1.2797
-0.4521,1.1168,499.9214,358.8694,82.5319,1.2973
-0.4521,1.1169,499.9205,358.8278,82.6327,1.3529
-0.4520,1.1168,499.9196,358.8361,82.7159,1.4013
-0.4519,1.1167,499.9190,358.8665,82.7438,1.3749
-0.4516,1.1166,499.9165,358.8964,82.9836,1.3690
-0.4514,1.1164,499.9147,358.9379,83.1970,1.3488
-0.4515,1.1160,499.9128,358.9752,83.3907,1.4223
-0.4512,1.1157,499.9117,358.9842,83.4264,1.5244
-0.4510,1.1156,499.9107,358.9971,83.4853,1.5871
-0.4510,1.1155,499.9096,359.0039,83.6138,1.6233
-0.4511,1.1155,499.9088,359.0565,83.7150,1.5979
-0.4510,1.1154,499.9080,359.1032,83.8075,1.5862
-0.4509,1.1154,499.9072,359.1421,83.8850,1.5947
-0.4508,1.1154,499.9063,359.1492,83.9413,1.6098
-0.4508,1.1154,499.9054,359.1237,84.0192,1.6779
-0.4507,1.1153,499.9045,359.0911,84.1189,1.7372
-0.4507,1.1154,499.9035,359.0647,84.1960,1.7584
-0.4507,1.1154,499.9026,359.0763,84.2916,1.7463
-0.4507,1.1155,499.9001,359.1357,84.5328,1.7327
-0.4506,1.1156,499.8984,359.1380,84.6924,1.7859
-0.4502,1.1158,499.8965,359.0449,84.8436,1.8340
-0.4501,1.1159,499.8954,359.0568,84.9315,1.8651
-0.4501,1.1158,499.8946,359.0765,85.0215,1.8731
-0.4502,1.1158,499.8936,359.1143,85.1180,1.8573
-0.4503,1.1160,499.8929,359.0992,85.2189,1.8662
-0.4503,1.1160,499.8921,359.0732,85.3466,1.8888
-0.4502,1.1163,499.8905,359.0485,85.5110,1.9012
-0.4503,1.1164,499.8897,359.0339,85.5209,1.8999
-0.4503,1.1166,499.8886,359.0272,85.6080,1.9030
-0.4502,1.1166,499.8877,358.9988,85.6970,1.9082
-0.4501,1.1168,499.8868,358.9713,85.8171,1.9207
-0.4502,1.1167,499.8860,358.9681,85.9286,1.9244
-0.4502,1.1167,499.8850,358.9774,86.0242,1.9284
-0.4502,1.1168,499.8841,358.9925,86.1053,1.9398
-0.4500,1.1169,499.8833,359.0187,86.1667,1.9170
-0.4500,1.1171,499.8825,358.9775,86.2584,1.9448
-0.4499,1.1173,499.8817,358.9538,86.3182,1.9581
-0.4501,1.1173,499.8809,358.9373,86.3571,1.9686
-0.4501,1.1174,499.8801,358.9475,86.4095,2.0080
-0.4501,1.1174,499.8794,358.9562,86.4664,2.0413
-0.4500,1.1175,499.8788,358.9685,86.5315,2.0397
-0.4499,1.1176,499.8782,358.9705,86.6217,2.0358
-0.4501,1.1175,499.8777,358.9770,86.6732,2.0309
-0.4501,1.1176,499.8770,358.9486,86.6975,2.0036
-0.4498,1.1176,499.8762,358.9013,86.7597,2.0392
-0.4497,1.1180,499.8752,358.8635,86.8475,2.0775
-0.4496,1.1182,499.8746,358.8423,86.9171,2.0857
-0.4497,1.1184,499.8743,358.8411,86.9502,2.0451
-0.4496,1.1186,499.8738,358.8452,87.0059,2.0382
-0.4495,1.1187,499.8734,358.8418,87.0409,2.0669
-0.4496,1.1191,499.8730,358.7749,87.0378,2.1109
-0.4496,1.1193,499.8724,358.7270,87.0703,2.1121
-0.4494,1.1195,499.8722,358.7169,87.1207,2.1022
-0.4495,1.1197,499.8717,358.7059,87.1892,2.0729
-0.4496,1.1199,499.8711,358.6938,87.2344,2.0576
-0.4496,1.1200,499.8705,358.6829,87.2710,2.0912
-0.4495,1.1201,499.8699,358.6588,87.3093,2.1291
-0.4493,1.1203,499.8694,358.6423,87.3246,2.1258
-0.4493,1.1204,499.8687,358.6103,87.3723,2.1226
-0.4491,1.1204,499.8679,358.6067,87.4807,2.1465
-0.4490,1.1202,499.8674,358.6386,87.5554,2.1319
-0.4492,1.1201,499.8667,358.6741,87.6099,2.1080
-0.4490,1.1199,499.8659,358.7049,87.6537,2.1084
-0.4489,1.1199,499.8651,358.6950,87.7029,2.1439
-0.4489,1.1199,499.8642,358.6540,87.7805,2.1769
-0.4488,1.1199,499.8634,358.6343,87.8545,2.2097
-0.4487,1.1200,499.8626,358.6240,87.9284,2.2455
-0.4486,1.1200,499.8618,358.6301,88.0171,2.2915
-0.4488,1.1200,499.8612,358.6637,88.1083,2.3352
-0.4488,1.1199,499.8607,358.6853,88.1587,2.3367
-0.4490,1.1199,499.8602,358.7211,88.1592,2.2609
-0.4491,1.1199,499.8596,358.7312,88.1812,2.2720
-0.4491,1.1201,499.8589,358.7335,88.2545,2.3774
-0.4492,1.1203,499.8584,358.7269,88.2859,2.4812
-0.4493,1.1205,499.8580,358.7213,88.2433,2.5324
-0.4494,1.1206,499.8575,358.7097,88.2747,2.6200
-0.4491,1.1209,499.8567,358.6572,88.5148,2.7576
-0.4494,1.1212,499.8557,358.5568,88.9296,2.8247
